[gd_scene load_steps=13 format=2]

[ext_resource path="res://Jim.tscn" type="PackedScene" id=1]
[ext_resource path="res://orientation prtl2.tscn" type="PackedScene" id=2]
[ext_resource path="res://Toy.tscn" type="PackedScene" id=3]

[sub_resource type="BoxShape" id=1]
extents = Vector3( 35, 1, 50 )

[sub_resource type="CubeMesh" id=2]
size = Vector3( 70, 2, 100 )

[sub_resource type="SpatialMaterial" id=3]
albedo_color = Color( 0.47451, 0, 1, 1 )

[sub_resource type="SphereMesh" id=4]

[sub_resource type="SpatialMaterial" id=5]
albedo_color = Color( 0.886275, 0.662745, 0.0470588, 1 )

[sub_resource type="PrismMesh" id=6]

[sub_resource type="SpatialMaterial" id=7]
albedo_color = Color( 0, 0.0156863, 1, 1 )

[sub_resource type="CylinderMesh" id=8]

[sub_resource type="SpatialMaterial" id=9]
albedo_color = Color( 0, 1, 1, 1 )

[node name="Area 51" type="Spatial"]

[node name="DirectionalLight" type="DirectionalLight" parent="."]
transform = Transform( -0.116978, 0.939693, -0.321393, 0.321394, 0.34202, 0.883022, 0.939693, 2.43427e-07, -0.34202, -54, 19, 18 )
light_specular = 0.15

[node name="Jim" parent="." instance=ExtResource( 1 )]
transform = Transform( -1, 0, -3.25841e-07, 0, 1, 0, 3.25841e-07, 0, -1, 0, 5, 8 )

[node name="Floor" type="StaticBody" parent="."]

[node name="CollisionShape" type="CollisionShape" parent="Floor"]
transform = Transform( 1, 0, 0, 0, 1, 0, 0, 0, 1, 0, -0.5, 0 )
shape = SubResource( 1 )

[node name="MeshInstance" type="MeshInstance" parent="Floor"]
transform = Transform( 1, 0, 0, 0, 1, 0, 0, 0, 1, 0, -1, 0 )
mesh = SubResource( 2 )
material/0 = SubResource( 3 )

[node name="Toy2" type="MeshInstance" parent="."]
transform = Transform( 1, 0, 0, 0, 0.906308, 0.422618, 0, -0.422618, 0.906308, -8, 12, -15 )
mesh = SubResource( 4 )
material/0 = SubResource( 5 )

[node name="MeshInstance5" type="MeshInstance" parent="Toy2"]
transform = Transform( 1, 0, 0, 0, -0.939692, 0.34202, 0, -0.34202, -0.939692, 0, 2.81908, 1.02606 )
mesh = SubResource( 6 )
material/0 = SubResource( 7 )

[node name="MeshInstance4" type="MeshInstance" parent="Toy2"]
transform = Transform( 1, 0, 0, 0, 0.939692, -0.34202, 0, 0.34202, 0.939692, 0, -2.81908, -1.02606 )
mesh = SubResource( 8 )
material/0 = SubResource( 9 )

[node name="Toy" parent="." instance=ExtResource( 3 )]
transform = Transform( 1, 0, 0, 0, 1, 0, 0, 0, 1, 0, 12, 4 )

[node name="PortalInstance" parent="." instance=ExtResource( 2 )]
transform = Transform( -1.62921e-07, 0, -1, 0, 1, 0, 1, 0, -1.62921e-07, 30, 11, 0 )
Channel = 1
max_recursion = 5
size_x = 20.0
size_y = 20.0
color = Color( 0, 0.905882, 1, 1 )
hidecam = true

[node name="PortalInstance2" parent="." instance=ExtResource( 2 )]
transform = Transform( -1.62921e-07, 0, 1, 0, 1, 0, -1, 0, -1.62921e-07, -30, 11, 0 )
Channel = 1
max_recursion = 5
size_x = 20.0
size_y = 20.0
color = Color( 0.0313726, 0.388235, 1, 1 )
hidecam = true
